homography_parameters:
  H00: 1.8999999999999986
  H01: 13.100000000000001
  H02: -860.0
  H10: 0.0
  H11: 18.10000000000001
  H12: -3060.000000000001
  H20: 0.0
  H21: 0.013600000000000001
metadata:
  created_at: '2025-08-26T22:11:53.966495'
  video_file: chicago_vs_san_francisco_2024_snippet_1_77455.mp4
  frame_index: 0
  application: Ultimate Analysis
  version: '1.0'
